0
0.005126953125
0.01513671875
0.0263671875
0.041015625
0.0556640625
0.07568359375
0.092041015625
0.1005859375
0.111572265625
0.12255859375
0.13427734375
0.149169921875
0.153564453125
0.1640625
0.16845703125
0.178466796875
0.18896484375
0.199462890625
0.2099609375
0.220458984375
0.23095703125
0.241455078125
0.251953125
0.262451171875
0.27294921875
0.283447265625
0.287841796875
0.292236328125
0.30712890625
0.322021484375
0.3369140625
0.3515625
0.37353515625
0.3857421875
0.39794921875
0.41015625
0.42236328125
0.4345703125
0.44677734375
0.458984375
0.47119140625
0.4755859375
0.48779296875
0.5
0.51220703125
0.526611328125
0.538818359375
0.551025390625
0.563232421875
0.575439453125
0.587646484375
0.599853515625
0.612060546875
0.624267578125
0.636474609375
0.65380859375
0.666015625
0.67822265625
0.6904296875
0.700439453125
0.71044921875
0.720458984375
0.733642578125
0.748046875
0.759033203125
0.771240234375
0.783447265625
0.795654296875
0.807861328125
0.820068359375
0.832275390625
0.844482421875
0.856689453125
0.868896484375
0.881103515625
0.893310546875
0.897705078125
0.911376953125
0.923583984375
0.935791015625
0.947998046875
0.960205078125
0.972412109375
0.984619140625
0.996826171875
1.009033203125
1.021240234375
1.033447265625
1.045654296875
1.057861328125
1.070068359375
1.0810546875
1.0908203125
1.101806640625
